0 0
4870450 4870450
-179862 -179862
2041405 2041405
1288404 1288404
3202395 3202395
2864049 2864049
3118440 3118440
1452949 1452949
-3506086 -3506086
3912364 3912364
1537085 1537085
-1677721 -1677721
-26301 -26301
-671255 -671255
2222013 2222013
1452949 1452949
3927709 3927709
-491393 -491393
656221 656221
7100203 7100203
1058619 1058619
1048315 1048315
-48379 -48379
0 0
48379 48379
-1048315 -1048315
-1058619 -1058619
-7100203 -7100203
-656221 -656221
491393 491393
-3927709 -3927709
-1452949 -1452949
-2222013 -2222013
671255 671255
26301 26301
1677721 1677721
-1537085 -1537085
-3912364 -3912364
3506086 3506086
-1452949 -1452949
-3118440 -3118440
-2864049 -2864049
-3202395 -3202395
-1288404 -1288404
-2041405 -2041405
179862 179862
-4870450 -4870450
0 0
4870450 4870450
-179862 -179862
2041405 2041405
1288404 1288404
3202395 3202395
2864049 2864049
3118440 3118440
1452949 1452949
-3506086 -3506086
3912364 3912364
1537085 1537085
-1677721 -1677721
-26301 -26301
-671255 -671255
2222013 2222013
1452949 1452949
3927709 3927709
-491393 -491393
656221 656221
7100203 7100203
1058619 1058619
1048315 1048315
-48379 -48379
0 0
48379 48379
-1048315 -1048315
-1058619 -1058619
-7100203 -7100203
-656221 -656221
491393 491393
-3927709 -3927709
-1452949 -1452949
-2222013 -2222013
671255 671255
26301 26301
1677721 1677721
-1537085 -1537085
-3912364 -3912364
3506086 3506086
-1452949 -1452949
-3118440 -3118440
-2864049 -2864049
-3202395 -3202395
-1288404 -1288404
-2041405 -2041405
179862 179862
-4870450 -4870450
0 0
4870450 4870450
-179862 -179862
2041405 2041405
1288404 1288404
3202395 3202395
2864049 2864049
3118440 3118440
1452949 1452949
-3506086 -3506086
3912364 3912364
1537085 1537085
-1677721 -1677721
-26301 -26301
-671255 -671255
2222013 2222013
1452949 1452949
3927709 3927709
-491393 -491393
656221 656221
7100203 7100203
1058619 1058619
1048315 1048315
-48379 -48379
0 0
48379 48379
-1048315 -1048315
-1058619 -1058619
-7100203 -7100203
-656221 -656221
491393 491393
-3927709 -3927709
-1452949 -1452949
-2222013 -2222013
671255 671255
26301 26301
1677721 1677721
-1537085 -1537085
-3912364 -3912364
3506086 3506086
-1452949 -1452949
-3118440 -3118440
-2864049 -2864049
-3202395 -3202395
-1288404 -1288404
-2041405 -2041405
179862 179862
-4870450 -4870450
0 0
4870450 4870450
-179862 -179862
2041405 2041405
1288404 1288404
3202395 3202395
2864049 2864049
3118440 3118440
1452949 1452949
-3506086 -3506086
3912364 3912364
1537085 1537085
-1677721 -1677721
-26301 -26301
-671255 -671255
2222013 2222013
1452949 1452949
3927709 3927709
-491393 -491393
656221 656221
7100203 7100203
1058619 1058619
1048315 1048315
-48379 -48379
0 0
48379 48379
-1048315 -1048315
-1058619 -1058619
-7100203 -7100203
-656221 -656221
491393 491393
-3927709 -3927709
-1452949 -1452949
-2222013 -2222013
671255 671255
26301 26301
1677721 1677721
-1537085 -1537085
-3912364 -3912364
3506086 3506086
-1452949 -1452949
-3118440 -3118440
-2864049 -2864049
-3202395 -3202395
-1288404 -1288404
-2041405 -2041405
179862 179862
-4870450 -4870450
0 0
4870450 4870450
-179862 -179862
2041405 2041405
1288404 1288404
3202395 3202395
2864049 2864049
3118440 3118440
1452949 1452949
-3506086 -3506086
3912364 3912364
1537085 1537085
-1677721 -1677721
-26301 -26301
-671255 -671255
2222013 2222013
1452949 1452949
3927709 3927709
-491393 -491393
656221 656221
7100203 7100203
1058619 1058619
1048315 1048315
-48379 -48379
0 0
48379 48379
-1048315 -1048315
-1058619 -1058619
-7100203 -7100203
-656221 -656221
491393 491393
-3927709 -3927709
-1452949 -1452949
-2222013 -2222013
671255 671255
26301 26301
1677721 1677721
-1537085 -1537085
-3912364 -3912364
3506086 3506086
-1452949 -1452949
-3118440 -3118440
-2864049 -2864049
-3202395 -3202395
-1288404 -1288404
-2041405 -2041405
179862 179862
-4870450 -4870450
0 0
4870450 4870450
-179862 -179862
2041405 2041405
1288404 1288404
3202395 3202395
2864049 2864049
3118440 3118440
1452949 1452949
-3506086 -3506086
3912364 3912364
1537085 1537085
-1677721 -1677721
-26301 -26301
-671255 -671255
2222013 2222013
1452949 1452949
3927709 3927709
-491393 -491393
656221 656221
7100203 7100203
1058619 1058619
1048315 1048315
-48379 -48379
0 0
48379 48379
-1048315 -1048315
-1058619 -1058619
-7100203 -7100203
-656221 -656221
491393 491393
-3927709 -3927709
-1452949 -1452949
-2222013 -2222013
671255 671255
26301 26301
1677721 1677721
-1537085 -1537085
-3912364 -3912364
3506086 3506086
-1452949 -1452949
-3118440 -3118440
-2864049 -2864049
-3202395 -3202395
-1288404 -1288404
-2041405 -2041405
179862 179862
-4870450 -4870450
0 0
4870450 4870450
-179862 -179862
2041405 2041405
1288404 1288404
3202395 3202395
2864049 2864049
3118440 3118440
1452949 1452949
-3506086 -3506086
3912364 3912364
1537085 1537085
-1677721 -1677721
-26301 -26301
-671255 -671255
2222013 2222013
1452949 1452949
3927709 3927709
-491393 -491393
656221 656221
7100203 7100203
1058619 1058619
1048315 1048315
-48379 -48379
0 0
48379 48379
-1048315 -1048315
-1058619 -1058619
-7100203 -7100203
-656221 -656221
491393 491393
-3927709 -3927709
-1452949 -1452949
-2222013 -2222013
671255 671255
26301 26301
1677721 1677721
-1537085 -1537085
-3912364 -3912364
3506086 3506086
-1452949 -1452949
-3118440 -3118440
-2864049 -2864049
-3202395 -3202395
-1288404 -1288404
-2041405 -2041405
179862 179862
-4870450 -4870450
0 0
4870450 4870450
-179862 -179862
2041405 2041405
1288404 1288404
3202395 3202395
2864049 2864049
3118440 3118440
1452949 1452949
-3506086 -3506086
3912364 3912364
1537085 1537085
-1677721 -1677721
-26301 -26301
-671255 -671255
2222013 2222013
1452949 1452949
3927709 3927709
-491393 -491393
656221 656221
7100203 7100203
1058619 1058619
1048315 1048315
-48379 -48379
0 0
48379 48379
-1048315 -1048315
-1058619 -1058619
-7100203 -7100203
-656221 -656221
491393 491393
-3927709 -3927709
-1452949 -1452949
-2222013 -2222013
671255 671255
26301 26301
1677721 1677721
-1537085 -1537085
-3912364 -3912364
3506086 3506086
-1452949 -1452949
-3118440 -3118440
-2864049 -2864049
-3202395 -3202395
-1288404 -1288404
-2041405 -2041405
179862 179862
-4870450 -4870450
0 0
4870450 4870450
-179862 -179862
2041405 2041405
1288404 1288404
3202395 3202395
2864049 2864049
3118440 3118440
1452949 1452949
-3506086 -3506086
3912364 3912364
1537085 1537085
-1677721 -1677721
-26301 -26301
-671255 -671255
2222013 2222013
1452949 1452949
3927709 3927709
-491393 -491393
656221 656221
7100203 7100203
1058619 1058619
1048315 1048315
-48379 -48379
0 0
48379 48379
-1048315 -1048315
-1058619 -1058619
-7100203 -7100203
-656221 -656221
491393 491393
-3927709 -3927709
-1452949 -1452949
-2222013 -2222013
671255 671255
26301 26301
1677721 1677721
-1537085 -1537085
-3912364 -3912364
3506086 3506086
-1452949 -1452949
-3118440 -3118440
-2864049 -2864049
-3202395 -3202395
-1288404 -1288404
-2041405 -2041405
179862 179862
-4870450 -4870450
0 0
4870450 4870450
-179862 -179862
2041405 2041405
1288404 1288404
3202395 3202395
2864049 2864049
3118440 3118440
1452949 1452949
-3506086 -3506086
3912364 3912364
1537085 1537085
-1677721 -1677721
-26301 -26301
-671255 -671255
2222013 2222013
1452949 1452949
3927709 3927709
-491393 -491393
656221 656221
7100203 7100203
1058619 1058619
1048315 1048315
-48379 -48379
0 0
48379 48379
-1048315 -1048315
-1058619 -1058619
-7100203 -7100203
-656221 -656221
491393 491393
-3927709 -3927709
-1452949 -1452949
-2222013 -2222013
671255 671255
26301 26301
1677721 1677721
-1537085 -1537085
-3912364 -3912364
3506086 3506086
-1452949 -1452949
-3118440 -3118440
-2864049 -2864049
-3202395 -3202395
-1288404 -1288404
-2041405 -2041405
179862 179862
-4870450 -4870450
0 0
4870450 4870450
-179862 -179862
2041405 2041405
1288404 1288404
3202395 3202395
2864049 2864049
3118440 3118440
1452949 1452949
-3506086 -3506086
3912364 3912364
1537085 1537085
-1677721 -1677721
-26301 -26301
-671255 -671255
2222013 2222013
1452949 1452949
3927709 3927709
-491393 -491393
656221 656221
7100203 7100203
1058619 1058619
1048315 1048315
-48379 -48379
0 0
48379 48379
-1048315 -1048315
-1058619 -1058619
-7100203 -7100203
-656221 -656221
491393 491393
-3927709 -3927709
-1452949 -1452949
-2222013 -2222013
671255 671255
26301 26301
1677721 1677721
-1537085 -1537085
-3912364 -3912364
3506086 3506086
-1452949 -1452949
-3118440 -3118440
-2864049 -2864049
-3202395 -3202395
-1288404 -1288404
-2041405 -2041405
179862 179862
-4870450 -4870450
0 0
4870450 4870450
-179862 -179862
2041405 2041405
1288404 1288404
3202395 3202395
2864049 2864049
3118440 3118440
1452949 1452949
-3506086 -3506086
3912364 3912364
1537085 1537085
-1677721 -1677721
-26301 -26301
-671255 -671255
2222013 2222013
1452949 1452949
3927709 3927709
-491393 -491393
656221 656221
7100203 7100203
1058619 1058619
1048315 1048315
-48379 -48379
0 0
48379 48379
-1048315 -1048315
-1058619 -1058619
-7100203 -7100203
-656221 -656221
491393 491393
-3927709 -3927709
-1452949 -1452949
-2222013 -2222013
671255 671255
26301 26301
1677721 1677721
-1537085 -1537085
-3912364 -3912364
3506086 3506086
-1452949 -1452949
-3118440 -3118440
-2864049 -2864049
-3202395 -3202395
-1288404 -1288404
-2041405 -2041405
179862 179862
-4870450 -4870450
0 0
4870450 4870450
-179862 -179862
2041405 2041405
1288404 1288404
3202395 3202395
2864049 2864049
3118440 3118440
1452949 1452949
-3506086 -3506086
3912364 3912364
1537085 1537085
-1677721 -1677721
-26301 -26301
-671255 -671255
2222013 2222013
1452949 1452949
3927709 3927709
-491393 -491393
656221 656221
7100203 7100203
1058619 1058619
1048315 1048315
-48379 -48379
0 0
48379 48379
-1048315 -1048315
-1058619 -1058619
-7100203 -7100203
-656221 -656221
491393 491393
-3927709 -3927709
-1452949 -1452949
-2222013 -2222013
671255 671255
26301 26301
1677721 1677721
-1537085 -1537085
-3912364 -3912364
3506086 3506086
-1452949 -1452949
-3118440 -3118440
-2864049 -2864049
-3202395 -3202395
-1288404 -1288404
-2041405 -2041405
179862 179862
-4870450 -4870450
0 0
4870450 4870450
-179862 -179862
2041405 2041405
1288404 1288404
3202395 3202395
2864049 2864049
3118440 3118440
1452949 1452949
-3506086 -3506086
3912364 3912364
1537085 1537085
-1677721 -1677721
-26301 -26301
-671255 -671255
2222013 2222013
1452949 1452949
3927709 3927709
-491393 -491393
656221 656221
7100203 7100203
1058619 1058619
1048315 1048315
-48379 -48379
0 0
48379 48379
-1048315 -1048315
-1058619 -1058619
-7100203 -7100203
-656221 -656221
491393 491393
-3927709 -3927709
-1452949 -1452949
-2222013 -2222013
671255 671255
26301 26301
1677721 1677721
-1537085 -1537085
-3912364 -3912364
3506086 3506086
-1452949 -1452949
-3118440 -3118440
-2864049 -2864049
-3202395 -3202395
-1288404 -1288404
-2041405 -2041405
179862 179862
-4870450 -4870450
0 0
4870450 4870450
-179862 -179862
2041405 2041405
1288404 1288404
3202395 3202395
2864049 2864049
3118440 3118440
1452949 1452949
-3506086 -3506086
3912364 3912364
1537085 1537085
-1677721 -1677721
-26301 -26301
-671255 -671255
2222013 2222013
1452949 1452949
3927709 3927709
-491393 -491393
656221 656221
7100203 7100203
1058619 1058619
1048315 1048315
-48379 -48379
0 0
48379 48379
-1048315 -1048315
-1058619 -1058619
-7100203 -7100203
-656221 -656221
491393 491393
-3927709 -3927709
-1452949 -1452949
-2222013 -2222013
671255 671255
26301 26301
1677721 1677721
-1537085 -1537085
-3912364 -3912364
3506086 3506086
-1452949 -1452949
-3118440 -3118440
-2864049 -2864049
-3202395 -3202395
-1288404 -1288404
-2041405 -2041405
179862 179862
-4870450 -4870450
0 0
4870450 4870450
-179862 -179862
2041405 2041405
1288404 1288404
3202395 3202395
2864049 2864049
3118440 3118440
1452949 1452949
-3506086 -3506086
3912364 3912364
1537085 1537085
-1677721 -1677721
-26301 -26301
-671255 -671255
2222013 2222013
1452949 1452949
3927709 3927709
-491393 -491393
656221 656221
7100203 7100203
1058619 1058619
1048315 1048315
-48379 -48379
0 0
48379 48379
-1048315 -1048315
-1058619 -1058619
-7100203 -7100203
-656221 -656221
491393 491393
-3927709 -3927709
-1452949 -1452949
-2222013 -2222013
671255 671255
26301 26301
1677721 1677721
-1537085 -1537085
-3912364 -3912364
3506086 3506086
-1452949 -1452949
-3118440 -3118440
-2864049 -2864049
-3202395 -3202395
-1288404 -1288404
-2041405 -2041405
179862 179862
-4870450 -4870450
0 0
4870450 4870450
-179862 -179862
2041405 2041405
1288404 1288404
3202395 3202395
2864049 2864049
3118440 3118440
1452949 1452949
-3506086 -3506086
3912364 3912364
1537085 1537085
-1677721 -1677721
-26301 -26301
-671255 -671255
2222013 2222013
1452949 1452949
3927709 3927709
-491393 -491393
656221 656221
7100203 7100203
1058619 1058619
1048315 1048315
-48379 -48379
0 0
48379 48379
-1048315 -1048315
-1058619 -1058619
-7100203 -7100203
-656221 -656221
491393 491393
-3927709 -3927709
-1452949 -1452949
-2222013 -2222013
671255 671255
26301 26301
1677721 1677721
-1537085 -1537085
-3912364 -3912364
3506086 3506086
-1452949 -1452949
-3118440 -3118440
-2864049 -2864049
-3202395 -3202395
-1288404 -1288404
-2041405 -2041405
179862 179862
-4870450 -4870450
0 0
4870450 4870450
-179862 -179862
2041405 2041405
1288404 1288404
3202395 3202395
2864049 2864049
3118440 3118440
1452949 1452949
-3506086 -3506086
3912364 3912364
1537085 1537085
-1677721 -1677721
-26301 -26301
-671255 -671255
2222013 2222013
1452949 1452949
3927709 3927709
-491393 -491393
656221 656221
7100203 7100203
1058619 1058619
1048315 1048315
-48379 -48379
0 0
48379 48379
-1048315 -1048315
-1058619 -1058619
-7100203 -7100203
-656221 -656221
491393 491393
-3927709 -3927709
-1452949 -1452949
-2222013 -2222013
671255 671255
26301 26301
1677721 1677721
-1537085 -1537085
-3912364 -3912364
3506086 3506086
-1452949 -1452949
-3118440 -3118440
-2864049 -2864049
-3202395 -3202395
-1288404 -1288404
-2041405 -2041405
179862 179862
-4870450 -4870450
0 0
4870450 4870450
-179862 -179862
2041405 2041405
1288404 1288404
3202395 3202395
2864049 2864049
3118440 3118440
1452949 1452949
-3506086 -3506086
3912364 3912364
1537085 1537085
-1677721 -1677721
-26301 -26301
-671255 -671255
2222013 2222013
1452949 1452949
3927709 3927709
-491393 -491393
656221 656221
7100203 7100203
1058619 1058619
1048315 1048315
-48379 -48379
0 0
48379 48379
-1048315 -1048315
-1058619 -1058619
-7100203 -7100203
-656221 -656221
491393 491393
-3927709 -3927709
-1452949 -1452949
-2222013 -2222013
671255 671255
26301 26301
1677721 1677721
-1537085 -1537085
-3912364 -3912364
3506086 3506086
-1452949 -1452949
-3118440 -3118440
-2864049 -2864049
-3202395 -3202395
-1288404 -1288404
-2041405 -2041405
179862 179862
-4870450 -4870450
0 0
4870450 4870450
-179862 -179862
2041405 2041405
1288404 1288404
3202395 3202395
2864049 2864049
3118440 3118440
1452949 1452949
-3506086 -3506086
3912364 3912364
1537085 1537085
-1677721 -1677721
-26301 -26301
-671255 -671255
2222013 2222013
1452949 1452949
3927709 3927709
-491393 -491393
656221 656221
7100203 7100203
1058619 1058619
1048315 1048315
-48379 -48379
0 0
48379 48379
-1048315 -1048315
-1058619 -1058619
-7100203 -7100203
-656221 -656221
491393 491393
-3927709 -3927709
-1452949 -1452949
-2222013 -2222013
671255 671255
26301 26301
1677721 1677721
-1537085 -1537085
-3912364 -3912364
3506086 3506086
-1452949 -1452949
-3118440 -3118440
-2864049 -2864049
-3202395 -3202395
-1288404 -1288404
-2041405 -2041405
179862 179862
-4870450 -4870450
0 0
4870450 4870450
-179862 -179862
2041405 2041405
1288404 1288404
3202395 3202395
2864049 2864049
3118440 3118440
1452949 1452949
-3506086 -3506086
3912364 3912364
1537085 1537085
-1677721 -1677721
-26301 -26301
-671255 -671255
2222013 2222013
1452949 1452949
3927709 3927709
-491393 -491393
656221 656221
7100203 7100203
1058619 1058619
1048315 1048315
-48379 -48379
0 0
48379 48379
-1048315 -1048315
-1058619 -1058619
-7100203 -7100203
-656221 -656221
491393 491393
-3927709 -3927709
-1452949 -1452949
-2222013 -2222013
671255 671255
26301 26301
1677721 1677721
-1537085 -1537085
-3912364 -3912364
3506086 3506086
