0 0
142317 142317
395239 395239
659166 659166
924437 924437
1043920 1043920
1198175 1198175
1311738 1311738
1472858 1472858
1415964 1415964
1146333 1146333
868055 868055
560347 560347
419248 419248
248276 248276
164085 164085
165607 165607
315934 315934
694363 694363
919698 919698
1143876 1143876
1302528 1302528
1416597 1416597
1456572 1456572
1224582 1224582
891480 891480
392724 392724
0 0
-392724 -392724
-891480 -891480
-1224582 -1224582
-1456572 -1456572
-1416597 -1416597
-1302528 -1302528
-1143876 -1143876
-919698 -919698
-694363 -694363
-315934 -315934
-165607 -165607
-164085 -164085
-248276 -248276
-419248 -419248
-560347 -560347
-868055 -868055
-1146333 -1146333
-1415964 -1415964
-1472858 -1472858
-1311738 -1311738
-1198175 -1198175
-901602 -901602
-529197 -529197
0 0
529197 529197
901602 901602
1198175 1198175
1311738 1311738
1472858 1472858
1415964 1415964
1146333 1146333
868055 868055
560347 560347
419248 419248
248276 248276
164085 164085
165607 165607
315934 315934
694363 694363
919698 919698
1143876 1143876
1302528 1302528
1416597 1416597
1456572 1456572
1224582 1224582
891480 891480
392724 392724
0 0
-392724 -392724
-891480 -891480
-1224582 -1224582
-1456572 -1456572
-1416597 -1416597
-1302528 -1302528
-1143876 -1143876
-919698 -919698
-694363 -694363
-315934 -315934
-165607 -165607
-164085 -164085
-248276 -248276
-419248 -419248
-560347 -560347
-868055 -868055
-1146333 -1146333
-1415964 -1415964
-1472858 -1472858
-1311738 -1311738
-1198175 -1198175
-901602 -901602
-529197 -529197
0 0
529197 529197
901602 901602
1198175 1198175
1311738 1311738
1472858 1472858
1415964 1415964
1146333 1146333
868055 868055
560347 560347
419248 419248
248276 248276
164085 164085
165607 165607
315934 315934
694363 694363
919698 919698
1143876 1143876
1302528 1302528
1416597 1416597
1456572 1456572
1224582 1224582
891480 891480
392724 392724
0 0
-392724 -392724
-891480 -891480
-1224582 -1224582
-1456572 -1456572
-1416597 -1416597
-1302528 -1302528
-1143876 -1143876
-919698 -919698
-694363 -694363
-315934 -315934
-165607 -165607
-164085 -164085
-248276 -248276
-419248 -419248
-560347 -560347
-868055 -868055
-1146333 -1146333
-1415964 -1415964
-1472858 -1472858
-1311738 -1311738
-1198175 -1198175
-901602 -901602
-529197 -529197
0 0
529197 529197
901602 901602
1198175 1198175
1311738 1311738
1472858 1472858
1415964 1415964
1146333 1146333
868055 868055
560347 560347
419248 419248
248276 248276
164085 164085
165607 165607
315934 315934
694363 694363
919698 919698
1143876 1143876
1302528 1302528
1416597 1416597
1456572 1456572
1224582 1224582
891480 891480
392724 392724
0 0
-392724 -392724
-891480 -891480
-1224582 -1224582
-1456572 -1456572
-1416597 -1416597
-1302528 -1302528
-1143876 -1143876
-919698 -919698
-694363 -694363
-315934 -315934
-165607 -165607
-164085 -164085
-248276 -248276
-419248 -419248
-560347 -560347
-868055 -868055
-1146333 -1146333
-1415964 -1415964
-1472858 -1472858
-1311738 -1311738
-1198175 -1198175
-901602 -901602
-529197 -529197
0 0
529197 529197
901602 901602
1198175 1198175
1311738 1311738
1472858 1472858
1415964 1415964
1146333 1146333
868055 868055
560347 560347
419248 419248
248276 248276
164085 164085
165607 165607
315934 315934
694363 694363
919698 919698
1143876 1143876
1302528 1302528
1416597 1416597
1456572 1456572
1224582 1224582
891480 891480
392724 392724
0 0
-392724 -392724
-891480 -891480
-1224582 -1224582
-1456572 -1456572
-1416597 -1416597
-1302528 -1302528
-1143876 -1143876
-919698 -919698
-694363 -694363
-315934 -315934
-165607 -165607
-164085 -164085
-248276 -248276
-419248 -419248
-560347 -560347
-868055 -868055
-1146333 -1146333
-1415964 -1415964
-1472858 -1472858
-1311738 -1311738
-1198175 -1198175
-901602 -901602
-529197 -529197
0 0
529197 529197
901602 901602
1198175 1198175
1311738 1311738
1472858 1472858
1415964 1415964
1146333 1146333
868055 868055
560347 560347
419248 419248
248276 248276
164085 164085
165607 165607
315934 315934
694363 694363
919698 919698
1143876 1143876
1302528 1302528
1416597 1416597
1456572 1456572
1224582 1224582
891480 891480
392724 392724
0 0
-392724 -392724
-891480 -891480
-1224582 -1224582
-1456572 -1456572
-1416597 -1416597
-1302528 -1302528
-1143876 -1143876
-919698 -919698
-694363 -694363
-315934 -315934
-165607 -165607
-164085 -164085
-248276 -248276
-419248 -419248
-560347 -560347
-868055 -868055
-1146333 -1146333
-1415964 -1415964
-1472858 -1472858
-1311738 -1311738
-1198175 -1198175
-901602 -901602
-529197 -529197
0 0
529197 529197
901602 901602
1198175 1198175
1311738 1311738
1472858 1472858
1415964 1415964
1146333 1146333
868055 868055
560347 560347
419248 419248
248276 248276
164085 164085
165607 165607
315934 315934
694363 694363
919698 919698
1143876 1143876
1302528 1302528
1416597 1416597
1456572 1456572
1224582 1224582
891480 891480
392724 392724
0 0
-392724 -392724
-891480 -891480
-1224582 -1224582
-1456572 -1456572
-1416597 -1416597
-1302528 -1302528
-1143876 -1143876
-919698 -919698
-694363 -694363
-315934 -315934
-165607 -165607
-164085 -164085
-248276 -248276
-419248 -419248
-560347 -560347
-868055 -868055
-1146333 -1146333
-1415964 -1415964
-1472858 -1472858
-1311738 -1311738
-1198175 -1198175
-901602 -901602
-529197 -529197
0 0
529197 529197
901602 901602
1198175 1198175
1311738 1311738
1472858 1472858
1415964 1415964
1146333 1146333
868055 868055
560347 560347
419248 419248
248276 248276
164085 164085
165607 165607
315934 315934
694363 694363
919698 919698
1143876 1143876
1302528 1302528
1416597 1416597
1456572 1456572
1224582 1224582
891480 891480
392724 392724
0 0
-392724 -392724
-891480 -891480
-1224582 -1224582
-1456572 -1456572
-1416597 -1416597
-1302528 -1302528
-1143876 -1143876
-919698 -919698
-694363 -694363
-315934 -315934
-165607 -165607
-164085 -164085
-248276 -248276
-419248 -419248
-560347 -560347
-868055 -868055
-1146333 -1146333
-1415964 -1415964
-1472858 -1472858
-1311738 -1311738
-1198175 -1198175
-901602 -901602
-529197 -529197
0 0
529197 529197
901602 901602
1198175 1198175
1311738 1311738
1472858 1472858
1415964 1415964
1146333 1146333
868055 868055
560347 560347
419248 419248
248276 248276
164085 164085
165607 165607
315934 315934
694363 694363
919698 919698
1143876 1143876
1302528 1302528
1416597 1416597
1456572 1456572
1224582 1224582
891480 891480
392724 392724
0 0
-392724 -392724
-891480 -891480
-1224582 -1224582
-1456572 -1456572
-1416597 -1416597
-1302528 -1302528
-1143876 -1143876
-919698 -919698
-694363 -694363
-315934 -315934
-165607 -165607
-164085 -164085
-248276 -248276
-419248 -419248
-560347 -560347
-868055 -868055
-1146333 -1146333
-1415964 -1415964
-1472858 -1472858
-1311738 -1311738
-1198175 -1198175
-901602 -901602
-529197 -529197
0 0
529197 529197
901602 901602
1198175 1198175
1311738 1311738
1472858 1472858
1415964 1415964
1146333 1146333
868055 868055
560347 560347
419248 419248
248276 248276
164085 164085
165607 165607
315934 315934
694363 694363
919698 919698
1143876 1143876
1302528 1302528
1416597 1416597
1456572 1456572
1224582 1224582
891480 891480
392724 392724
0 0
-392724 -392724
-891480 -891480
-1224582 -1224582
-1456572 -1456572
-1416597 -1416597
-1302528 -1302528
-1143876 -1143876
-919698 -919698
-694363 -694363
-315934 -315934
-165607 -165607
-164085 -164085
-248276 -248276
-419248 -419248
-560347 -560347
-868055 -868055
-1146333 -1146333
-1415964 -1415964
-1472858 -1472858
-1311738 -1311738
-1198175 -1198175
-901602 -901602
-529197 -529197
0 0
529197 529197
901602 901602
1198175 1198175
1311738 1311738
1472858 1472858
1415964 1415964
1146333 1146333
868055 868055
560347 560347
419248 419248
248276 248276
164085 164085
165607 165607
315934 315934
694363 694363
919698 919698
1143876 1143876
1302528 1302528
1416597 1416597
1456572 1456572
1224582 1224582
891480 891480
392724 392724
0 0
-392724 -392724
-891480 -891480
-1224582 -1224582
-1456572 -1456572
-1416597 -1416597
-1302528 -1302528
-1143876 -1143876
-919698 -919698
-694363 -694363
-315934 -315934
-165607 -165607
-164085 -164085
-248276 -248276
-419248 -419248
-560347 -560347
-868055 -868055
-1146333 -1146333
-1415964 -1415964
-1472858 -1472858
-1311738 -1311738
-1198175 -1198175
-901602 -901602
-529197 -529197
0 0
529197 529197
901602 901602
1198175 1198175
1311738 1311738
1472858 1472858
1415964 1415964
1146333 1146333
868055 868055
560347 560347
419248 419248
248276 248276
164085 164085
165607 165607
315934 315934
694363 694363
919698 919698
1143876 1143876
1302528 1302528
1416597 1416597
1456572 1456572
1224582 1224582
891480 891480
392724 392724
0 0
-392724 -392724
-891480 -891480
-1224582 -1224582
-1456572 -1456572
-1416597 -1416597
-1302528 -1302528
-1143876 -1143876
-919698 -919698
-694363 -694363
-315934 -315934
-165607 -165607
-164085 -164085
-248276 -248276
-419248 -419248
-560347 -560347
-868055 -868055
-1146333 -1146333
-1415964 -1415964
-1472858 -1472858
-1311738 -1311738
-1198175 -1198175
-901602 -901602
-529197 -529197
0 0
529197 529197
901602 901602
1198175 1198175
1311738 1311738
1472858 1472858
1415964 1415964
1146333 1146333
868055 868055
560347 560347
419248 419248
248276 248276
164085 164085
165607 165607
315934 315934
694363 694363
919698 919698
1143876 1143876
1302528 1302528
1416597 1416597
1456572 1456572
1224582 1224582
891480 891480
392724 392724
0 0
-392724 -392724
-891480 -891480
-1224582 -1224582
-1456572 -1456572
-1416597 -1416597
-1302528 -1302528
-1143876 -1143876
-919698 -919698
-694363 -694363
-315934 -315934
-165607 -165607
-164085 -164085
-248276 -248276
-419248 -419248
-560347 -560347
-868055 -868055
-1146333 -1146333
-1415964 -1415964
-1472858 -1472858
-1311738 -1311738
-1198175 -1198175
-901602 -901602
-529197 -529197
0 0
529197 529197
901602 901602
1198175 1198175
1311738 1311738
1472858 1472858
1415964 1415964
1146333 1146333
868055 868055
560347 560347
419248 419248
248276 248276
164085 164085
165607 165607
315934 315934
694363 694363
919698 919698
1143876 1143876
1302528 1302528
1416597 1416597
1456572 1456572
1224582 1224582
891480 891480
392724 392724
0 0
-392724 -392724
-891480 -891480
-1224582 -1224582
-1456572 -1456572
-1416597 -1416597
-1302528 -1302528
-1143876 -1143876
-919698 -919698
-694363 -694363
-315934 -315934
-165607 -165607
-164085 -164085
-248276 -248276
-419248 -419248
-560347 -560347
-868055 -868055
-1146333 -1146333
-1415964 -1415964
-1472858 -1472858
-1311738 -1311738
-1198175 -1198175
-901602 -901602
-529197 -529197
0 0
529197 529197
901602 901602
1198175 1198175
1311738 1311738
1472858 1472858
1415964 1415964
1146333 1146333
868055 868055
560347 560347
419248 419248
248276 248276
164085 164085
165607 165607
315934 315934
694363 694363
919698 919698
1143876 1143876
1302528 1302528
1416597 1416597
1456572 1456572
1224582 1224582
891480 891480
392724 392724
0 0
-392724 -392724
-891480 -891480
-1224582 -1224582
-1456572 -1456572
-1416597 -1416597
-1302528 -1302528
-1143876 -1143876
-919698 -919698
-694363 -694363
-315934 -315934
-165607 -165607
-164085 -164085
-248276 -248276
-419248 -419248
-560347 -560347
-868055 -868055
-1146333 -1146333
-1415964 -1415964
-1472858 -1472858
-1311738 -1311738
-1198175 -1198175
-901602 -901602
-529197 -529197
0 0
529197 529197
901602 901602
1198175 1198175
1311738 1311738
1472858 1472858
1415964 1415964
1146333 1146333
868055 868055
560347 560347
419248 419248
248276 248276
164085 164085
165607 165607
315934 315934
694363 694363
919698 919698
1143876 1143876
1302528 1302528
1416597 1416597
1456572 1456572
1224582 1224582
891480 891480
392724 392724
0 0
-392724 -392724
-891480 -891480
-1224582 -1224582
-1456572 -1456572
-1416597 -1416597
-1302528 -1302528
-1143876 -1143876
-919698 -919698
-694363 -694363
-315934 -315934
-165607 -165607
-164085 -164085
-248276 -248276
-419248 -419248
-560347 -560347
-868055 -868055
-1146333 -1146333
-1415964 -1415964
-1472858 -1472858
-1311738 -1311738
-1198175 -1198175
-901602 -901602
-529197 -529197
0 0
529197 529197
901602 901602
1198175 1198175
1311738 1311738
1472858 1472858
1415964 1415964
1146333 1146333
868055 868055
560347 560347
419248 419248
248276 248276
164085 164085
165607 165607
315934 315934
694363 694363
919698 919698
1143876 1143876
1302528 1302528
1416597 1416597
1456572 1456572
1224582 1224582
891480 891480
392724 392724
0 0
-392724 -392724
-891480 -891480
-1224582 -1224582
-1456572 -1456572
-1416597 -1416597
-1302528 -1302528
-1143876 -1143876
-919698 -919698
-694363 -694363
-315934 -315934
-165607 -165607
-164085 -164085
-248276 -248276
-419248 -419248
-560347 -560347
-868055 -868055
-1146333 -1146333
-1415964 -1415964
-1472858 -1472858
-1311738 -1311738
-1198175 -1198175
-901602 -901602
-529197 -529197
0 0
529197 529197
901602 901602
1198175 1198175
1311738 1311738
1472858 1472858
1415964 1415964
1146333 1146333
868055 868055
560347 560347
419248 419248
248276 248276
164085 164085
165607 165607
315934 315934
694363 694363
919698 919698
1143876 1143876
1302528 1302528
1416597 1416597
1456572 1456572
1224582 1224582
891480 891480
392724 392724
0 0
-392724 -392724
-891480 -891480
-1224582 -1224582
-1456572 -1456572
-1416597 -1416597
-1302528 -1302528
-1143876 -1143876
-919698 -919698
-694363 -694363
-315934 -315934
-165607 -165607
-164085 -164085
-248276 -248276
-419248 -419248
-560347 -560347
-868055 -868055
-1146333 -1146333
-1415964 -1415964
-1472858 -1472858
-1311738 -1311738
-1198175 -1198175
-901602 -901602
-529197 -529197
0 0
529197 529197
901602 901602
1198175 1198175
1311738 1311738
1472858 1472858
1415964 1415964
1146333 1146333
868055 868055
560347 560347
419248 419248
248276 248276
164085 164085
165607 165607
315934 315934
694363 694363
919698 919698
1143876 1143876
1302528 1302528
1416597 1416597
1456572 1456572
1224582 1224582
891480 891480
392724 392724
0 0
-392724 -392724
-891480 -891480
-1224582 -1224582
-1456572 -1456572
-1416597 -1416597
-1302528 -1302528
-1143876 -1143876
-919698 -919698
-694363 -694363
-315934 -315934
-165607 -165607
-164085 -164085
-248276 -248276
-419248 -419248
-560347 -560347
-868055 -868055
-1146333 -1146333
-1415964 -1415964
-1472858 -1472858
-1311738 -1311738
-1198175 -1198175
-901602 -901602
-529197 -529197
0 0
529197 529197
901602 901602
1198175 1198175
1311738 1311738
1472858 1472858
1415964 1415964
1146333 1146333
868055 868055
560347 560347
419248 419248
248276 248276
164085 164085
165607 165607
315934 315934
694363 694363
919698 919698
1143876 1143876
1302528 1302528
1416597 1416597
1456572 1456572
1224582 1224582
891480 891480
392724 392724
0 0
-392724 -392724
-891480 -891480
-1224582 -1224582
-1456572 -1456572
-1416597 -1416597
-1302528 -1302528
-1143876 -1143876
-919698 -919698
-694363 -694363
-315934 -315934
-165607 -165607
-164085 -164085
-248276 -248276
-419248 -419248
-560347 -560347
-868055 -868055
-1146333 -1146333
-1415964 -1415964
-1472858 -1472858
-1311738 -1311738
-1198175 -1198175
-901602 -901602
-529197 -529197
0 0
529197 529197
901602 901602
1198175 1198175
1311738 1311738
1472858 1472858
1415964 1415964
1146333 1146333
868055 868055
560347 560347
419248 419248
248276 248276
164085 164085
165607 165607
315934 315934
694363 694363
919698 919698
1143876 1143876
1302528 1302528
1416597 1416597
1456572 1456572
1224582 1224582
891480 891480
392724 392724
0 0
-392724 -392724
-891480 -891480
-1224582 -1224582
-1456572 -1456572
-1416597 -1416597
-1302528 -1302528
-1143876 -1143876
-919698 -919698
-694363 -694363
-315934 -315934
-165607 -165607
-164085 -164085
