0 0
6435046 6435046
5868346 5868346
545992 545992
-1955548 -1955548
593535 593535
3182277 3182277
1761268 1761268
-1614388 -1614388
-3182277 -3182277
-2862666 -2862666
-2535811 -2535811
-1864135 -1864135
570256 570256
3345140 3345140
3182277 3182277
0 0
-2182708 -2182708
-545992 -545992
2607618 2607618
2887616 2887616
-545992 -545992
-4067730 -4067730
-3873485 -3873485
0 0
3873485 3873485
4067730 4067730
545992 545992
-2887616 -2887616
-2607618 -2607618
545992 545992
2182708 2182708
0 0
-3182277 -3182277
-3345140 -3345140
-570256 -570256
1864135 1864135
2535811 2535811
2862666 2862666
3182277 3182277
1614388 1614388
-1761268 -1761268
-3182277 -3182277
-593535 -593535
1955548 1955548
-545992 -545992
-5868346 -5868346
-6435046 -6435046
0 0
6435046 6435046
5868346 5868346
545992 545992
-1955548 -1955548
593535 593535
3182277 3182277
1761268 1761268
-1614388 -1614388
-3182277 -3182277
-2862666 -2862666
-2535811 -2535811
-1864135 -1864135
570256 570256
3345140 3345140
3182277 3182277
0 0
-2182708 -2182708
-545992 -545992
2607618 2607618
2887616 2887616
-545992 -545992
-4067730 -4067730
-3873485 -3873485
0 0
3873485 3873485
4067730 4067730
545992 545992
-2887616 -2887616
-2607618 -2607618
545992 545992
2182708 2182708
0 0
-3182277 -3182277
-3345140 -3345140
-570256 -570256
1864135 1864135
2535811 2535811
2862666 2862666
3182277 3182277
1614388 1614388
-1761268 -1761268
-3182277 -3182277
-593535 -593535
1955548 1955548
-545992 -545992
-5868346 -5868346
-6435046 -6435046
0 0
6435046 6435046
5868346 5868346
545992 545992
