0 0
188035 188035
700627 700627
1310153 1310153
1707772 1707772
1630610 1630610
1247600 1247600
829691 829691
559130 559130
410978 410978
112278 112278
-455522 -455522
-1074417 -1074417
-1375017 -1375017
-1146520 -1146520
-492087 -492087
243139 243139
691494 691494
703460 703460
449106 449106
257004 257004
284937 284937
349160 349160
143370 143370
-352029 -352029
-749978 -749978
-626007 -626007
0 0
626007 626007
749978 749978
352029 352029
-143370 -143370
-349160 -349160
-284937 -284937
-257004 -257004
-449106 -449106
-703460 -703460
-691494 -691494
-243139 -243139
492087 492087
1146520 1146520
1375017 1375017
1074417 1074417
455522 455522
-112278 -112278
-410978 -410978
-559130 -559130
-829691 -829691
-1247600 -1247600
-1442574 -1442574
-1007144 -1007144
0 0
1007144 1007144
1442574 1442574
1247600 1247600
829691 829691
559130 559130
410978 410978
112278 112278
-455522 -455522
-1074417 -1074417
-1375017 -1375017
-1146520 -1146520
-492087 -492087
243139 243139
691494 691494
703460 703460
449106 449106
257004 257004
284937 284937
349160 349160
143370 143370
-352029 -352029
-749978 -749978
-626007 -626007
0 0
626007 626007
749978 749978
352029 352029
-143370 -143370
-349160 -349160
-284937 -284937
-257004 -257004
-449106 -449106
-703460 -703460
-691494 -691494
-243139 -243139
492087 492087
1146520 1146520
1375017 1375017
1074417 1074417
455522 455522
-112278 -112278
-410978 -410978
-559130 -559130
-829691 -829691
-1247600 -1247600
-1442574 -1442574
-1007144 -1007144
0 0
