              0              0
         188035         188035
         700627         700627
        1310152        1310152
        1707772        1707772
        1630609        1630609
        1247600        1247600
         829691         829691
         559130         559130
         410978         410978
         112278         112278
        -455523        -455523
       -1074418       -1074418
       -1375018       -1375018
       -1146521       -1146521
        -492088        -492088
         243139         243139
         691494         691494
         703460         703460
         449106         449106
         257004         257004
         284938         284938
         349161         349161
         143371         143371
        -352030        -352030
        -749979        -749979
        -626008        -626008
              0              0
         626007         626007
         749978         749978
         352029         352029
        -143372        -143372
        -349162        -349162
        -284939        -284939
        -257005        -257005
        -449107        -449107
        -703461        -703461
        -691495        -691495
        -243140        -243140
         492087         492087
        1146520        1146520
        1375017        1375017
        1074417        1074417
         455522         455522
        -112279        -112279
        -410979        -410979
        -559131        -559131
        -829692        -829692
       -1247601       -1247601
       -1442575       -1442575
       -1007145       -1007145
              0              0
        1007144        1007144
        1442574        1442574
        1247600        1247600
         829691         829691
         559130         559130
         410978         410978
         112278         112278
        -455523        -455523
       -1074418       -1074418
       -1375018       -1375018
       -1146521       -1146521
        -492088        -492088
         243139         243139
         691494         691494
         703460         703460
         449106         449106
         257004         257004
         284938         284938
         349161         349161
         143371         143371
        -352030        -352030
        -749979        -749979
        -626008        -626008
              0              0
         626007         626007
         749978         749978
         352029         352029
        -143372        -143372
        -349162        -349162
        -284939        -284939
        -257005        -257005
        -449107        -449107
        -703461        -703461
        -691495        -691495
        -243140        -243140
         492087         492087
        1146520        1146520
        1375017        1375017
        1074417        1074417
         455522         455522
        -112279        -112279
        -410979        -410979
        -559131        -559131
        -829692        -829692
       -1247601       -1247601
       -1442575       -1442575
       -1007145       -1007145
              0              0
